STANDBY to CALIBRATE:
go: 
        - 
          positions: [4.710108280181885, -1.5691045284368847, -1.5712275505065918, 3.142270250911377, -1.56982928911318, -1.5704792181598108]
          velocities: [0.0, 0.0, 0.0, 0.0, 0.0, 0.0]
          accelerations: [0.9741453489942887, 0.0, 0.0, 0.0, 0.0, 0.0]
          effort: []
          time_from_start: 
            secs: 0
            nsecs:         0
        - 
          positions: [4.712291725048153, -1.570720431143511, -1.570677007678058, 3.141639690515036, -1.5706747322168202, -1.570699004712887]
          velocities: [0.0, 0.0, 0.0, 0.0, 0.0, 0.0]
          accelerations: [-0.9741453489942887, 0.7209360448738424, -0.24562504147631478, 0.28132493146279397, 0.37719499126082656, 0.09805791378493893]

back: 
        - 
          positions: [4.710108280181885, -1.5691045284368847, -1.5712275505065918, 3.142270250911377, -1.56982928911318, -1.5704792181598108]
          velocities: [0.0, 0.0, 0.0, 0.0, 0.0, 0.0]
          accelerations: [-1.000415502811851, 0.0, 0.0, 0.0, 0.0, 0.0]
          effort: []
          time_from_start: 
            secs: 0
            nsecs:         0
        - 
          positions: [4.512998179982762, -1.5203494011529133, -1.704050857710916, 3.152749690518057, -1.6939932665158408, -1.5103152686250225]
          velocities: [-0.31400000000000006, 0.07766781079052598, -0.21158996124513874, 0.016693939240929163, -0.19779549026178742, 0.0958422736066755]
          accelerations: [0.0, 1.1274860787439747e-15, -1.459099631315732e-15, 1.2435508221440897e-15, -1.414884490972831e-15, 6.632271051435146e-16]
          effort: []
          time_from_start: 
            secs: 0
            nsecs: 627739173
        - 
          positions: [4.315888079783639, -1.4715942738689416, -1.83687416491524, 3.1632291301247375, -1.8181572439185016, -1.4501513190902342]
          velocities: [-0.31400000000000006, 0.07766781079052598, -0.2115899612451389, 0.016693939240929163, -0.19779549026178742, 0.0958422736066755]
          accelerations: [0.0, -1.1274860787439747e-15, 9.285179472009205e-16, -1.2435508221440897e-15, 1.414884490972831e-15, -6.632271051435146e-16]
          effort: []
          time_from_start: 
            secs: 1
            nsecs: 255478345
        - 
          positions: [4.118777979584516, -1.4228391465849701, -1.9696974721195644, 3.1737085697314176, -1.9423212213211625, -1.3899873695554459]
          velocities: [-0.31400000000000006, 0.07573695891302197, -0.17760409422923268, 0.08905580375205434, 0.041922558458134265, 0.007346935816664034]
          accelerations: [0.0, -0.006385779923988884, 0.11239923156100115, 0.2393176540579418, 0.7928037985557788, -0.29267483332625355]
          effort: []
          time_from_start: 
            secs: 1
            nsecs: 883217518
        - 
          positions: [3.9361145850795296, -1.3799038789215747, -2.053244583251968, 3.2676101595977625, -1.7784822743861652, -1.437193874533493]
          velocities: [-0.31400000000000006, 0.0738061070355184, -0.1436182272133265, 0.1614176682631801, 0.28164060717805584, -0.08114840197334733]
          accelerations: [0.0, 3.3398456964231525e-16, 7.156812206621041e-16, 6.679691392846305e-16, 1.1450899530593665e-15, -3.5784061033105204e-16]
          effort: []
          time_from_start: 
            secs: 2
            nsecs: 464948074
        - 
          positions: [3.7534511905745434, -1.3369686112581793, -2.136791694384371, 3.3615117494641074, -1.614643327451168, -1.48440037951154]
          velocities: [-0.31400000000000006, 0.0738061070355183, -0.14361822721332632, 0.1614176682631803, 0.2816406071780564, -0.0811484019733476]
          accelerations: [0.0, -6.679691392846314e-16, 0.0, 0.0, 6.679691392846314e-16, -6.441130985958945e-16]
          effort: []
          time_from_start: 
            secs: 3
            nsecs:  46678629
        - 
          positions: [3.570787796069557, -1.2940333435947842, -2.220338805516774, 3.4554133393304522, -1.4508043805161706, -1.5316068844895872]
          velocities: [-0.3087817175478237, 0.0725795429807192, -0.14123147410861323, 0.15873511098366108, 0.27696009686513395, -0.07979981827258423]
          accelerations: [0.017637360117652722, -0.004145684358813211, 0.008067026728726397, -0.009066820205444933, -0.0158197350718289, 0.004558100600561366]
          effort: []
          time_from_start: 
            secs: 3
            nsecs: 628409185
        - 
          positions: [3.3881244015645704, -1.2510980759313888, -2.3038859166491776, 3.549314929196797, -1.2869654335811733, -1.5788133894676342]
          velocities: [0.0, 0.0, 0.0, 0.0, 0.0, 0.0]
          accelerations: [1.0089679913897978, -0.23715923429276217, 0.461484695026732, -0.5186791736379787, -0.9049884003765787, 0.2607520386736944]
          effort: []

